#
1
1
1;05.03.2025;13:42:56;42;1;1;1;;;;0;0;0;1;0;0;0;;;0;1;0;1;0;;1/1/1;1;0;;;;;;;;;0;0;;;;;;;
2;05.03.2025;13:43:14;11;1;1;1;129798;;470;1,1;517;0;1;470;517;0;;4606034243770;517;0;0;1;0;;1/1/1;1;0;0;;0;0;;;0;;;;;0;;;;;
3;05.03.2025;13:43:14;12;1;1;1;129798;;470;-1,1;-517;0;1;470;-517;0;;4606034243770;-517;0;0;1;0;;1/1/1;1;0;0;;0;0;;;0;;;;;;;;;;
4;05.03.2025;13:44:54;11;1;1;1;129798;;470;0,5;235;0;1;470;235;0;;4606034243770;235;0;0;1;0;;1/1/1;1;0;0;;0;0;;;0;;;;;0;;;;;
5;05.03.2025;13:44:54;12;1;1;1;129798;;470;-0,5;-235;0;1;470;-235;0;;4606034243770;-235;0;0;1;0;;1/1/1;1;0;0;;0;0;;;0;;;;;;;;;;
6;05.03.2025;13:45:04;56;1;1;1;;0;0;0;0;0;1;0;0;0;;;0;1;0;1;0;;1/1/1;1;0;;;;;;;;;;;;;;;;;
7;05.03.2025;13:45:56;42;1;2;1;;;;1;1;0;1;0;1;0;;;1;1;0;1;0;;1/1/2;1;0;;;;;;;;;0;0;;;;;;;
8;05.03.2025;13:46:26;11;1;2;1;332332;;1;1;1;0;1;1;1;0;;2900003323329;1;0;0;1;0;;1/1/2;1;0;0;;0;0;;;0;;;;;0;;;;;
9;05.03.2025;13:46:26;14;1;2;1;332332;;3;3;0,17;0;1;1;1;0;;;0,17;;0;1;0;;1/1/2;1;0;;;;;;;;;;;;;;;;;
10;05.03.2025;13:47:21;56;1;2;1;;0;0;-1;-1;0;1;0;1;0;;;1;1;0;1;0;;1/1/2;1;0;;;;;;;;;;;;;;;;;
11;05.03.2025;16:41:03;42;1;3;1;;;;1;1;0;1;0;1;0;;;1;1;0;1;0;;1/1/3;1;0;;;;;;;;;0;0;;;;;;;
12;05.03.2025;16:41:07;11;1;3;1;332332;;1;1;1;0;1;1;1;0;;2900003323329;1;0;0;1;0;;1/1/3;1;0;0;;0;0;;;0;;;;;0;;;;;
13;05.03.2025;16:41:07;14;1;3;1;332332;;3;3;0,17;0;1;1;1;0;;;0,17;;0;1;0;;1/1/3;1;0;;;;;;;;;;;;;;;;;
14;05.03.2025;16:46:21;56;1;3;1;;0;0;-1;-1;0;1;0;1;0;;;1;1;0;1;0;;1/1/3;1;0;;;;;;;;;;;;;;;;;
15;05.03.2025;16:46:48;42;1;4;1;;;;1;1;0;1;0;1;0;;;1;1;0;1;0;;1/1/4;1;0;;;;;;;;;0;0;;;;;;;
16;05.03.2025;16:47:01;11;1;4;1;332332;;1;1;1;0;1;1;1;0;;2900003323329;1;0;0;1;0;;1/1/4;1;0;0;;0;0;;;0;;;;;0;;;;;
17;05.03.2025;16:47:01;14;1;4;1;332332;;3;3;0,17;0;1;1;1;0;;;0,17;;0;1;0;;1/1/4;1;0;;;;;;;;;;;;;;;;;
18;05.03.2025;16:51:08;56;1;4;1;;0;0;-1;-1;0;1;0;1;0;;;1;1;0;1;0;;1/1/4;1;0;;;;;;;;;;;;;;;;;
19;05.03.2025;16:51:39;42;1;5;1;;;;1;0,8;0;1;0;0,8;0;;;1;1;0;1;0;;1/1/5;1;0;;;;;;;;;0;0;;;;;;;
20;05.03.2025;16:51:44;11;1;5;1;332332;;1;1;1;0;1;0,8;0,8;0;;2900003323329;1;0;0;1;0;;1/1/5;1;0;0;;0;0;;;0;;;;;0;;;;;
21;05.03.2025;16:51:44;87;1;5;1;;;1;20;0,2;0;1;7;5;0;;;;;;1;;;1/1/5;1;;;;;;;;;;
22;05.03.2025;16:51:44;14;1;5;1;332332;;3;3;0,13;0;1;0,8;0,8;0;;;0,13;;0;1;0;;1/1/5;1;0;;;;;;;;;;;;;;;;;
23;05.03.2025;16:53:50;37;1;5;1;;;1;20;0,2;0;1;7;5;0;;;;;;1;;;1/1/5;1;;;;;;;;;;
24;05.03.2025;16:53:50;56;1;5;1;;0;0;-1;-0,8;0;1;0;0,8;0;;;1;1;0;1;0;;1/1/5;1;0;;;;;;;;;;;;;;;;;
25;05.03.2025;16:54:22;42;1;6;1;;;;1;0,8;0;1;0;0,8;0;;;1;1;0;1;0;;1/1/6;1;0;;;;;;;;;0;0;;;;;;;
26;05.03.2025;16:54:26;11;1;6;1;332332;;1;1;1;0;1;0,8;0,8;0;;2900003323329;1;0;0;1;0;;1/1/6;1;0;0;;0;0;;;0;;;;;0;;;;;
27;05.03.2025;16:54:26;87;1;6;1;;;1;5;0,05;0;1;7;6;0;;;;;;1;;;1/1/6;1;;;;;;;;;;
28;05.03.2025;16:54:26;87;1;6;1;;;1;15;0,15;0;1;7;7;0;;;;;;1;;;1/1/6;1;;;;;;;;;;
29;05.03.2025;16:54:26;14;1;6;1;332332;;3;3;0,13;0;1;0,8;0,8;0;;;0,13;;0;1;0;;1/1/6;1;0;;;;;;;;;;;;;;;;;
30;05.03.2025;16:56:58;37;1;6;1;;;1;5;0,05;0;1;7;6;0;;;;;;1;;;1/1/6;1;;;;;;;;;;
31;05.03.2025;16:56:58;37;1;6;1;;;1;15;0,15;0;1;7;7;0;;;;;;1;;;1/1/6;1;;;;;;;;;;
32;05.03.2025;16:56:58;56;1;6;1;;0;0;-1;-0,8;0;1;0;0,8;0;;;1;1;0;1;0;;1/1/6;1;0;;;;;;;;;;;;;;;;;
33;05.03.2025;16:57:28;42;1;7;1;;;;1;0,6;0;1;0;0,6;0;;;1;1;0;1;0;;1/1/7;1;0;;;;;;;;;0;0;;;;;;;
34;05.03.2025;16:57:30;11;1;7;1;332332;;1;1;1;0;1;0,6;0,6;0;;2900003323329;1;0;0;1;0;;1/1/7;1;0;0;;0;0;;;0;;;;;0;;;;;
35;05.03.2025;16:57:30;87;1;7;1;;;1;20;0,2;0;1;7;8;0;;;;;;1;;;1/1/7;1;;;;;;;;;;
36;05.03.2025;16:57:30;87;1;7;1;;;1;15;0,15;0;1;7;7;0;;;;;;1;;;1/1/7;1;;;;;;;;;;
37;05.03.2025;16:57:30;87;1;7;1;;;1;5;0,05;0;1;7;6;0;;;;;;1;;;1/1/7;1;;;;;;;;;;
38;05.03.2025;16:57:30;14;1;7;1;332332;;3;3;0,1;0;1;0,6;0,6;0;;;0,1;;0;1;0;;1/1/7;1;0;;;;;;;;;;;;;;;;;
39;05.03.2025;17:02:07;37;1;7;1;;;1;20;0,2;0;1;7;8;0;;;;;;1;;;1/1/7;1;;;;;;;;;;
40;05.03.2025;17:02:07;37;1;7;1;;;1;15;0,15;0;1;7;7;0;;;;;;1;;;1/1/7;1;;;;;;;;;;
41;05.03.2025;17:02:07;37;1;7;1;;;1;5;0,05;0;1;7;6;0;;;;;;1;;;1/1/7;1;;;;;;;;;;
42;05.03.2025;17:02:07;56;1;7;1;;0;0;-1;-0,6;0;1;0;0,6;0;;;1;1;0;1;0;;1/1/7;1;0;;;;;;;;;;;;;;;;;
43;05.03.2025;17:02:27;42;1;8;1;;;;1;162,8;0;1;0;162,8;0;;;185;1;0;1;0;;1/1/8;1;0;;;;;;;;;0;0;;;;;;;
44;05.03.2025;17:02:29;11;1;8;1;344511;;185;1;185;0;1;162,8;162,8;0;;4690300011101;185;0;0;1;0;;1/1/8;1;0;0;;0;0;;;0;;;;;0;;;;;
45;05.03.2025;17:02:29;87;1;8;1;;;1;7;12,95;0;1;8;7;0;;;;;;1;;;1/1/8;1;;;;;;;;;;
46;05.03.2025;17:02:29;87;1;8;1;;;1;5;9,25;0;1;7;6;0;;;;;;1;;;1/1/8;1;;;;;;;;;;
47;05.03.2025;17:02:29;14;1;8;1;344511;;3;3;27,13;0;1;162,8;162,8;0;;;27,13;;0;1;0;;1/1/8;1;0;;;;;;;;;;;;;;;;;
48;05.03.2025;17:03:58;37;1;8;1;;;1;7;12,95;0;1;8;7;0;;;;;;1;;;1/1/8;1;;;;;;;;;;
49;05.03.2025;17:03:58;37;1;8;1;;;1;5;9,25;0;1;7;6;0;;;;;;1;;;1/1/8;1;;;;;;;;;;
50;05.03.2025;17:03:58;56;1;8;1;;0;0;-1;-162,8;0;1;0;162,8;0;;;185;1;0;1;0;;1/1/8;1;0;;;;;;;;;;;;;;;;;
51;05.03.2025;17:04:26;42;1;9;1;;;;1;132;0;1;0;132;0;;;165;1;0;1;0;;1/1/9;1;0;;;;;;;;;0;0;;;;;;;
52;05.03.2025;17:04:28;11;1;9;1;341109;;165;1;165;0;1;132;132;0;;2900003411095;165;0;0;1;0;;1/1/9;1;0;0;;0;0;;;0;;;;;0;;;;;
53;05.03.2025;17:04:28;87;1;9;1;;;1;5;8,25;0;1;7;6;0;;;;;;1;;;1/1/9;1;;;;;;;;;;
54;05.03.2025;17:04:28;87;1;9;1;;;1;7;0;0;1;8;7;0;;;;;;1;;;1/1/9;1;;;;;;;;;;
55;05.03.2025;17:04:28;87;1;9;1;;;1;15;24,75;0;1;7;8;0;;;;;;1;;;1/1/9;1;;;;;;;;;;
56;05.03.2025;17:04:28;14;1;9;1;341109;;3;3;22;0;1;132;132;0;;;22;;0;1;0;;1/1/9;1;0;;;;;;;;;;;;;;;;;
57;05.03.2025;17:12:26;37;1;9;1;;;1;5;8,25;0;1;7;6;0;;;;;;1;;;1/1/9;1;;;;;;;;;;
58;05.03.2025;17:12:26;37;1;9;1;;;1;7;0;0;1;8;7;0;;;;;;1;;;1/1/9;1;;;;;;;;;;
59;05.03.2025;17:12:26;37;1;9;1;;;1;15;24,75;0;1;7;8;0;;;;;;1;;;1/1/9;1;;;;;;;;;;
60;05.03.2025;17:12:26;56;1;9;1;;0;0;-1;-132;0;1;0;132;0;;;165;1;0;1;0;;1/1/9;1;0;;;;;;;;;;;;;;;;;
61;05.03.2025;17:13:15;42;1;10;1;1234501234567;;;1;132;0;1;0;132;0;;;165;1;0;1;0;;1/1/10;1;0;;;;;;;;;0;0;;;;;;;
62;05.03.2025;17:13:17;11;1;10;1;341109;;165;1;165;0;1;132;132;0;;2900003411095;165;0;0;1;0;;1/1/10;1;0;0;;0;0;;;0;;;;;0;;;;;
63;05.03.2025;17:13:17;87;1;10;1;;;1;5;8,25;0;1;7;6;0;;;;;;1;;;1/1/10;1;;;;;;;;;;
64;05.03.2025;17:13:17;87;1;10;1;;;1;7;0;0;1;8;7;0;;;;;;1;;;1/1/10;1;;;;;;;;;;
65;05.03.2025;17:13:17;87;1;10;1;;;1;15;24,75;0;1;7;8;0;;;;;;1;;;1/1/10;1;;;;;;;;;;
66;05.03.2025;17:13:17;14;1;10;1;341109;;3;3;22;0;1;132;132;0;;;22;;0;1;0;;1/1/10;1;0;;;;;;;;;;;;;;;;;
67;05.03.2025;17:22:28;37;1;10;1;;;1;5;8,25;0;1;7;6;0;;;;;;1;;;1/1/10;1;;;;;;;;;;
68;05.03.2025;17:22:28;37;1;10;1;;;1;7;0;0;1;8;7;0;;;;;;1;;;1/1/10;1;;;;;;;;;;
69;05.03.2025;17:22:28;37;1;10;1;;;1;15;24,75;0;1;7;8;0;;;;;;1;;;1/1/10;1;;;;;;;;;;
70;05.03.2025;17:22:28;56;1;10;1;1234501234567;0;0;-1;-132;0;1;0;132;0;;;165;1;0;1;0;;1/1/10;1;0;;;;;;;;;;;;;;;;;
71;05.03.2025;17:22:49;42;1;11;1;1234544444445;;;1;140,25;0;1;0;140,25;0;;;165;1;0;1;0;;1/1/11;1;0;;;;;;;;;0;0;;;;;;;
72;05.03.2025;17:22:52;11;1;11;1;341109;;165;1;165;0;1;140,25;140,25;0;;2900003411095;165;0;0;1;0;;1/1/11;1;0;0;;0;0;;;0;;;;;0;;;;;
73;05.03.2025;17:22:52;87;1;11;1;1234544444445;;2;15;24,75;0;1;10;10;0;;;;;;1;;;1/1/11;1;;;;;;;;;;
74;05.03.2025;17:22:52;14;1;11;1;341109;;3;3;23,38;0;1;140,25;140,25;0;;;23,38;;0;1;0;;1/1/11;1;0;;;;;;;;;;;;;;;;;
75;05.03.2025;17:25:39;37;1;11;1;1234544444445;;2;15;24,75;0;1;10;10;0;;;;;;1;;;1/1/11;1;;;;;;;;;;
76;05.03.2025;17:25:39;56;1;11;1;1234544444445;0;0;-1;-140,25;0;1;0;140,25;0;;;165;1;0;1;0;;1/1/11;1;0;;;;;;;;;;;;;;;;;
77;05.03.2025;17:25:52;42;1;12;1;1234501234567;;;1;0,95;0;1;0;0,95;0;;;1;1;0;1;0;;1/1/12;1;0;;;;;;;;;0;0;;;;;;;
78;05.03.2025;17:25:55;11;1;12;1;332332;;1;1;1;0;1;0,95;0,95;0;;2900003323329;1;0;0;1;0;;1/1/12;1;0;0;;0;0;;;0;;;;;0;;;;;
79;05.03.2025;17:25:55;87;1;12;1;1234501234567;;2;5;0,05;0;1;6;8;0;;;;;;1;;;1/1/12;1;;;;;;;;;;
80;05.03.2025;17:25:55;14;1;12;1;332332;;3;3;0,16;0;1;0,95;0,95;0;;;0,16;;0;1;0;;1/1/12;1;0;;;;;;;;;;;;;;;;;
81;05.03.2025;17:26:26;37;1;12;1;1234501234567;;2;5;0,05;0;1;6;8;0;;;;;;1;;;1/1/12;1;;;;;;;;;;
82;05.03.2025;17:26:23;40;1;12;1;;2;7;0,95;0,95;0;1;0;0;0;;1;0;0;0;1;;;1/1/12;1;;0;;;;;;;;
83;05.03.2025;17:26:23;43;1;12;1;;2;7;0,95;0,95;0;1;0;0;0;;1;;0;0;1;;;1/1/12;1;;0;;;;;;;;
84;05.03.2025;17:26:26;49;1;12;1;;;0;;0,95;0;1;0;0,95;0;;;1;;0;1;0;;1/1/12;1;0;;;;;;;;;;;;;;;;;
85;05.03.2025;17:26:26;55;1;12;1;1234501234567;;0;1;0,95;0;1;0;0,95;0;0;;1;1;0;1;0;;1/1/12;1;0;;;;;;;0;05.03.2025;0;0;;;;;;;
86;05.03.2025;17:26:39;63;1;13;1;;0;0,95;0;0,95;9;1;0;0;0;;;0,95;;;8;0;;0/0/0;1;;0;;;;;0;0 - ,0 - ,0 - ;;;;;;;;;30.12.1899;
87;05.03.2025;17:26:39;61;1;14;1;;1;0,95;0;0,95;10;1;0;0;0;;;0,95;;0;9;0;;;1;;;;;;;;;;;;;;;;;;
