#
1
3
1;05.03.2025;19:21:14;42;2;17;1;;;;0;0;0;2;0;0;0;;;0;1;0;1;0;;2/2/17;1;0;;;;;;;;;0;0;;;;;;;
2;05.03.2025;19:21:21;56;2;17;1;;0;0;0;0;0;2;0;0;0;;;0;1;0;1;0;;2/2/17;1;0;;;;;;;;;;;;;;;;;
3;05.03.2025;19:23:14;42;2;18;1;;;;0;0;0;2;0;0;0;;;0;1;0;1;0;;2/2/18;1;0;;;;;;;;;0;0;;;;;;;
4;05.03.2025;19:29:44;56;2;18;1;;0;0;0;0;0;2;0;0;0;;;0;1;0;1;0;;2/2/18;1;0;;;;;;;;;;;;;;;;;
5;05.03.2025;19:30:08;42;2;19;1;;;;0;0;0;2;0;0;0;;;0;1;0;1;0;;2/2/19;1;0;;;;;;;;;0;0;;;;;;;
6;05.03.2025;19:30:45;56;2;19;1;;0;0;0;0;0;2;0;0;0;;;0;1;0;1;0;;2/2/19;1;0;;;;;;;;;;;;;;;;;
7;05.03.2025;19:31:09;42;2;20;1;;;;0;0;0;2;0;0;0;;;0;1;0;1;0;;2/2/20;1;0;;;;;;;;;0;0;;;;;;;
8;05.03.2025;19:33:00;56;2;20;1;;0;0;0;0;0;2;0;0;0;;;0;1;0;1;0;;2/2/20;1;0;;;;;;;;;;;;;;;;;
9;05.03.2025;19:36:37;42;2;21;1;;;;0;0;0;2;0;0;0;;;0;1;0;1;0;;2/2/21;1;0;;;;;;;;;0;0;;;;;;;
10;05.03.2025;19:41:22;56;2;21;1;;0;0;0;0;0;2;0;0;0;;;0;1;0;1;0;;2/2/21;1;0;;;;;;;;;;;;;;;;;
11;05.03.2025;19:41:37;42;2;22;1;1234501234568;;;1;0,95;0;2;0;0,95;0;;;1;1;0;1;0;;2/2/22;1;0;;;;;;;;;0;0;;;;;;;
12;05.03.2025;19:42:06;11;2;22;1;332332;;1;1;1;0;2;1;1;0;;2900003323329;1;0;0;1;0;;2/2/22;1;0;0;;0;0;;;0;;;;;0;;;;;
13;05.03.2025;19:42:06;12;2;22;1;332332;;1;-1;-1;0;2;1;-1;0;;2900003323329;-1;0;0;1;0;;2/2/22;1;0;0;;0;0;;;0;;;;;;;;;;
14;05.03.2025;19:44:00;11;2;22;1;332332;;1;1;1;0;2;0,95;0,95;0;;2900003323329;1;0;0;1;0;;2/2/22;1;0;0;;0;0;;;0;;;;;0;;;;;
15;05.03.2025;19:44:00;87;2;22;1;1234501234568;;2;5;0,05;0;2;6;8;0;;;;;;1;;;2/2/22;1;;;;;;;;;;
16;05.03.2025;19:44:00;14;2;22;1;332332;;3;3;0,16;0;2;0,95;0,95;0;;;0,16;;0;1;0;;2/2/22;1;0;;;;;;;;;;;;;;;;;
17;05.03.2025;19:46:31;37;2;22;1;1234501234568;;2;5;0,05;0;2;6;8;0;;;;;;1;;;2/2/22;1;;;;;;;;;;
18;05.03.2025;19:46:30;40;2;22;1;;1;0;0,95;0,95;0;2;0;0;0;;1;0;0;0;1;;;2/2/22;1;;0;;;;;;;;
19;05.03.2025;19:46:30;43;2;22;1;;1;0;0,95;0,95;0;2;0;0;0;;1;;0;0;1;;;2/2/22;1;;0;;;;;;;;
20;05.03.2025;19:46:31;49;2;22;1;;;0;;0,95;0;2;0;0,95;0;;;1;;0;1;0;;2/2/22;1;0;;;;;;;;;;;;;;;;;
21;05.03.2025;19:46:31;55;2;22;1;1234501234568;;0;1;0,95;0;2;0;0,95;0;0;;1;1;0;1;0;;2/2/22;1;0;;;;;;;0;05.03.2025;0;0;;;;;;;
22;05.03.2025;19:46:37;42;2;23;1;;;;1;1;0;2;0;1;0;;;1;1;0;1;0;;2/2/23;1;0;;;;;;;;;0;0;;;;;;;
23;05.03.2025;19:46:37;11;2;23;1;332332;;1;1;1;0;2;1;1;0;;2900003323329;1;0;0;1;0;;2/2/23;1;0;0;;0;0;;;0;;;;;0;;;;;
24;05.03.2025;19:46:37;14;2;23;1;332332;;3;3;0,17;0;2;1;1;0;;;0,17;;0;1;0;;2/2/23;1;0;;;;;;;;;;;;;;;;;
25;05.03.2025;19:46:39;40;2;23;1;;2;7;1;1;0;2;0;0;0;;1;0;0;0;1;;;2/2/23;1;;0;;;;;;;;
26;05.03.2025;19:46:39;43;2;23;1;;2;7;1;1;0;2;0;0;0;;1;;0;0;1;;;2/2/23;1;;0;;;;;;;;
27;05.03.2025;19:46:41;49;2;23;1;;;0;;1;0;2;0;1;0;;;1;;0;1;0;;2/2/23;1;0;;;;;;;;;;;;;;;;;
28;05.03.2025;19:46:41;55;2;23;1;;;0;1;1;0;2;0;1;0;0;;1;1;0;1;0;;2/2/23;1;0;;;;;;;0;05.03.2025;0;0;;;;;;;
29;05.03.2025;19:46:49;63;2;24;1;;0;1,95;0;1,95;9;2;0;0;0;;;1,95;;;8;0;;0/0/0;1;;0;;;;;0;0 - ,0 - ,0 - ;;;;;;;;;30.12.1899;
30;05.03.2025;19:46:49;61;2;25;1;;2;1,95;0;1,95;10;2;0;0;0;;;1,95;;0;9;0;;;1;;;;;;;;;;;;;;;;;;
31;06.03.2025;11:38:20;64;2;26;1;;0;6874;236373;6874;9;3;0;0;0;;9961440300687552;6874;0006365051023469;9961440300687552;8;8244;3879766607;0/0/0;1;;491;;;;;0;0 - ,0 - ,0 - ;;;;;;;;;06.03.2025 11:38:17;
32;06.03.2025;11:38:20;42;2;27;1;;;;0;0;0;3;0;0;0;;;0;1;0;1;0;;2/3/27;1;0;;;;;;;;;0;0;;;;;;;
33;06.03.2025;11:38:55;56;2;27;1;;0;0;0;0;0;3;0;0;0;;;0;1;0;1;0;;2/3/27;1;0;;;;;;;;;;;;;;;;;
34;06.03.2025;11:39:06;42;2;28;1;;;;0;0;0;3;0;0;0;;;0;1;0;1;0;;2/3/28;1;0;;;;;;;;;0;0;;;;;;;
35;06.03.2025;11:40:20;56;2;28;1;;0;0;0;0;0;3;0;0;0;;;0;1;0;1;0;;2/3/28;1;0;;;;;;;;;;;;;;;;;
36;06.03.2025;11:41:06;63;2;29;1;;0;0;236373;0;9;3;0;0;0;;9961440300687552;0;0006365051023469;9961440300687552;8;8245;3067002667;0/0/0;1;;491;;;;;0;0 - ,0 - ,0 - ;;;;;;;;;06.03.2025 11:41:03;
37;06.03.2025;11:41:06;61;2;30;1;;3;0;0;0;10;3;0;0;0;;;0;;0;9;0;;;1;;;;;;;;;;;;;;;;;;
38;06.03.2025;12:16:03;64;2;31;1;;0;0;236373;0;9;4;0;0;0;;9961440300687552;0;0006365051023469;9961440300687552;8;8246;3281102966;0/0/0;1;;492;;;;;0;0 - ,0 - ,0 - ;;;;;;;;;06.03.2025 12:16:01;
39;06.03.2025;12:16:03;42;2;32;1;;;;0;0;0;4;0;0;0;;;0;1;0;1;0;;2/4/32;1;0;;;;;;;;;0;0;;;;;;;
40;06.03.2025;12:16:04;11;2;32;1;332332;;1;1;1;0;4;1;1;0;;2900003323329;1;0;0;1;0;;2/4/32;1;0;0;;0;0;;;0;;;;;0;;;;;
41;06.03.2025;12:16:04;12;2;32;1;332332;;1;-1;-1;0;4;1;-1;0;;2900003323329;-1;0;0;1;0;;2/4/32;1;0;0;;0;0;;;0;;;;;;;;;;
42;06.03.2025;12:18:15;56;2;32;1;;0;0;0;0;0;4;0;0;0;;;0;1;0;1;0;;2/4/32;1;0;;;;;;;;;;;;;;;;;
43;06.03.2025;12:18:20;42;2;33;1;1234501234568;;;1;0,95;0;4;0;0,95;0;;;1;1;0;1;0;;2/4/33;1;0;;;;;;;;;0;0;;;;;;;
44;06.03.2025;12:18:20;11;2;33;1;332332;;1;1;1;0;4;0,95;0,95;0;;2900003323329;1;0;0;1;0;;2/4/33;1;0;0;;0;0;;;0;;;;;0;;;;;
45;06.03.2025;12:18:20;87;2;33;1;1234501234568;;2;5;0,05;0;4;6;8;0;;;;;;1;;;2/4/33;1;;;;;;;;;;
46;06.03.2025;12:18:20;14;2;33;1;332332;;3;3;0,16;0;4;0,95;0,95;0;;;0,16;;0;1;0;;2/4/33;1;0;;;;;;;;;;;;;;;;;
47;06.03.2025;12:19:48;37;2;33;1;1234501234568;;2;5;0,05;0;4;6;8;0;;;;;;1;;;2/4/33;1;;;;;;;;;;
48;06.03.2025;12:19:48;56;2;33;1;1234501234568;0;0;-1;-0,95;0;4;0;0,95;0;;;1;1;0;1;0;;2/4/33;1;0;;;;;;;;;;;;;;;;;
49;06.03.2025;12:20:44;42;2;34;1;;;;0;0;0;4;0;0;0;;;0;1;0;1;0;;2/4/34;1;0;;;;;;;;;0;0;;;;;;;
50;06.03.2025;12:23:04;11;2;34;1;332332;;1;1;1;0;4;1;1;0;;2900003323329;1;0;0;1;0;;2/4/34;1;0;0;;0;0;;;0;;;;;0;;;;;
51;06.03.2025;12:23:04;12;2;34;1;332332;;1;-1;-1;0;4;1;-1;0;;2900003323329;-1;0;0;1;0;;2/4/34;1;0;0;;0;0;;;0;;;;;;;;;;
52;06.03.2025;12:23:23;56;2;34;1;;0;0;0;0;0;4;0;0;0;;;0;1;0;1;0;;2/4/34;1;0;;;;;;;;;;;;;;;;;
53;06.03.2025;12:23:38;63;2;35;1;;0;0;236373;0;9;4;0;0;0;;9961440300687552;0;0006365051023469;9961440300687552;8;8247;3790923440;0/0/0;1;;492;;;;;0;0 - ,0 - ,0 - ;;;;;;;;;06.03.2025 12:23:34;
54;06.03.2025;12:23:38;61;2;36;1;;4;0;0;0;10;4;0;0;0;;;0;;0;9;0;;;1;;;;;;;;;;;;;;;;;;
