FIELD1;FIELD2    ;FIELD3  ;FIELD4;FIELD5;FIELD6;FIELD7;FIELD8;FIELD9;FIELD10;FIELD11;FIELD12;FIELD13;FIELD14;FIELD15;FIELD16;FIELD17;FIELD18;FIELD19      ;FIELD20;FIELD21;FIELD22;FIELD23;FIELD24;FIELD25;FIELD26;FIELD27;FIELD28;FIELD29;FIELD30;FIELD31;FIELD32;FIELD33;FIELD34;FIELD35       ;FIELD36   ;FIELD37;FIELD38;FIELD39;FIELD40;FIELD41;FIELD42;FIELD43;FIELD44;FIELD45
#
1
15
   184;04.03.2025;10:17:22;    42;     2;    55;     1;      ;      ;       ;      1;      1;      0;     12;      0;      1;      0;       ;             ;      1;      1;      0;      1;      0;       ;2/12/55;      1;      0;       ;       ;       ;       ;       ;       ;              ;          ;      0;      0;       ;       ;       ;       ;       ;          ;       
   185;04.03.2025;10:17:25;    11;     2;    55;     1;332332;     4;      1;      1;      1;      0;     12;      1;      1;      0;       ;2900003323329;      1;      4;      0;      1;      0;       ;2/12/55;      1;      0;      0;       ;      0;      0;       ;       ;0             ;          ;       ;       ;       ;      0;       ;       ;       ;          ;       
   186;04.03.2025;10:17:25;    14;     2;    55;     1;332332;     4;      3;      3;      0;      0;     12;      1;      1;      0;       ;             ;      0;       ;      0;      1;      0;       ;2/12/55;      1;      0;       ;       ;       ;       ;       ;       ;              ;          ;       ;       ;       ;       ;       ;       ;       ;          ;       
   187;04.03.2025;10:17:33;    40;     2;    55;     1;      ;     1;      0;      1;      1;      0;     12;      0;      0;      0;       ;1            ;      0;      0;      0;      1;       ;       ;2/12/55;      1;       ;      0;       ;       ;       ;       ;       ;              ;          ;       
   188;04.03.2025;10:17:33;    43;     2;    55;     1;      ;     1;      0;      1;      1;      0;     12;      0;      0;      0;       ;1            ;       ;      0;      0;      1;       ;       ;2/12/55;      1;       ;      0;       ;       ;       ;       ;       ;              ;          ;       
   189;04.03.2025;10:17:40;    49;     2;    55;     1;      ;      ;      0;       ;      1;      0;     12;      0;      1;      0;       ;             ;      1;       ;      0;      1;      0;       ;2/12/55;      1;      0;       ;       ;       ;       ;       ;       ;              ;          ;       ;       ;       ;       ;       ;       ;       ;          ;       
   190;04.03.2025;10:17:40;    55;     2;    55;     1;      ;      ;      0;      1;      1;      0;     12;      0;      1;      0;      0;             ;      1;      1;      0;      1;      0;       ;2/12/55;      1;      0;       ;       ;       ;       ;       ;       ;0             ;04.03.2025;      0;      0;       ;       ;       ;       ;       ;          ;       
   191;04.03.2025;10:24:30;    42;     2;    56;     1;      ;      ;       ;     -1;     -1;      1;     12;      0;     -1;      0;       ;             ;     -1;      0;      0;      2;      0;     55;2/12/56;      1;      0;       ;       ;       ;       ;       ;       ;              ;          ;      0;      0;       ;       ;       ;       ;       ;          ;       
   192;04.03.2025;10:24:33;    11;     2;    56;     1;332332;     4;      1;     -1;     -1;      1;     12;      1;     -1;      0;       ;2900003323329;     -1;      4;      0;      2;      0;       ;2/12/56;      1;      0;      0;       ;      0;      0;       ;       ;0             ;          ;       ;       ;       ;      0;       ;       ;       ;          ;       
   193;04.03.2025;10:24:33;    14;     2;    56;     1;332332;     4;      3;      3;      0;      1;     12;      1;     -1;      0;       ;             ;      0;       ;      0;      2;      0;       ;2/12/56;      1;      0;       ;       ;       ;       ;       ;       ;              ;          ;       ;       ;       ;       ;       ;       ;       ;          ;       
   194;04.03.2025;10:24:39;    40;     2;    56;     1;      ;     1;      0;     -1;     -1;      1;     12;      0;      0;      0;       ;1            ;      0;      0;      0;      2;       ;       ;2/12/56;      1;       ;      0;       ;       ;       ;       ;       ;              ;          ;       
   195;04.03.2025;10:24:39;    43;     2;    56;     1;      ;     1;      0;     -1;     -1;      1;     12;      0;      0;      0;       ;1            ;       ;      0;      0;      2;       ;       ;2/12/56;      1;       ;      0;       ;       ;       ;       ;       ;              ;          ;       
   196;04.03.2025;10:24:40;    49;     2;    56;     1;      ;      ;      0;       ;      1;      1;     12;      0;      1;      0;       ;             ;      1;       ;      0;      2;      0;       ;2/12/56;      1;      0;       ;       ;       ;       ;       ;       ;              ;          ;       ;       ;       ;       ;       ;       ;       ;          ;       
   197;04.03.2025;10:24:40;    55;     2;    56;     1;      ;      ;      0;     -1;     -1;      1;     12;      0;     -1;      0;      0;             ;     -1;      0;      0;      2;      0;     55;2/12/56;      1;      0;       ;       ;       ;       ;       ;       ;0             ;          ;      0;      0;       ;       ;       ;       ;       ;          ;       
   198;04.03.2025;10:24:57;    42;     2;    57;     1;      ;      ;       ;      0;      0;      1;     12;      0;      0;      0;       ;             ;      0;      0;      0;      2;      0;     55;2/12/57;      1;      0;       ;       ;       ;       ;       ;       ;              ;          ;      0;      0;       ;       ;       ;       ;       ;          ;       
   199;04.03.2025;10:25:17;    56;     2;    57;     1;      ;     0;      0;      0;      0;      1;     12;      0;      0;      0;       ;             ;      0;      0;      0;      2;      0;     55;2/12/57;      1;      0;       ;       ;       ;       ;       ;       ;              ;          ;       ;       ;       ;       ;       ;       ;       ;          ;       
   200;04.03.2025;10:25:26;    42;     2;    58;     1;      ;      ;       ;      1;      1;      0;     12;      0;      1;      0;       ;             ;      1;      1;      0;      1;      0;       ;2/12/58;      1;      0;       ;       ;       ;       ;       ;       ;              ;          ;      0;      0;       ;       ;       ;       ;       ;          ;       
   201;04.03.2025;10:25:40;    11;     2;    58;     1;332332;     4;      1;      1;      1;      0;     12;      1;      1;      0;       ;2900003323329;      1;      4;      0;      1;      0;       ;2/12/58;      1;      0;      0;       ;      0;      0;       ;       ;0             ;          ;       ;       ;       ;      0;       ;       ;       ;          ;       
   202;04.03.2025;10:25:40;    14;     2;    58;     1;332332;     4;      3;      3;      0;      0;     12;      1;      1;      0;       ;             ;      0;       ;      0;      1;      0;       ;2/12/58;      1;      0;       ;       ;       ;       ;       ;       ;              ;          ;       ;       ;       ;       ;       ;       ;       ;          ;       
   203;04.03.2025;10:25:48;    40;     2;    58;     1;      ;     1;      0;      1;      1;      0;     12;      0;      0;      0;       ;1            ;      0;      0;      0;      1;       ;       ;2/12/58;      1;       ;      0;       ;       ;       ;       ;       ;              ;          ;       
   204;04.03.2025;10:25:48;    43;     2;    58;     1;      ;     1;      0;      1;      1;      0;     12;      0;      0;      0;       ;1            ;       ;      0;      0;      1;       ;       ;2/12/58;      1;       ;      0;       ;       ;       ;       ;       ;              ;          ;       
   205;04.03.2025;10:25:55;    49;     2;    58;     1;      ;      ;      0;       ;      1;      0;     12;      0;      1;      0;       ;             ;      1;       ;      0;      1;      0;       ;2/12/58;      1;      0;       ;       ;       ;       ;       ;       ;              ;          ;       ;       ;       ;       ;       ;       ;       ;          ;       
   206;04.03.2025;10:25:55;    55;     2;    58;     1;      ;      ;      0;      1;      1;      0;     12;      0;      1;      0;      0;             ;      1;      1;      0;      1;      0;       ;2/12/58;      1;      0;       ;       ;       ;       ;       ;       ;0             ;04.03.2025;      0;      0;       ;       ;       ;       ;       ;          ;       
   207;04.03.2025;10:26:54;    42;     2;    59;     1;      ;      ;       ;      1;      1;      0;     12;      0;      1;      0;       ;             ;      1;      1;      0;      1;      0;       ;2/12/59;      1;      0;       ;       ;       ;       ;       ;       ;              ;          ;      0;      0;       ;       ;       ;       ;       ;          ;       
   208;04.03.2025;10:26:57;    11;     2;    59;     1;332332;     4;      1;      1;      1;      0;     12;      1;      1;      0;       ;2900003323329;      1;      4;      0;      1;      0;       ;2/12/59;      1;      0;      0;       ;      0;      0;       ;       ;0             ;          ;       ;       ;       ;      0;       ;       ;       ;          ;       
   209;04.03.2025;10:26:57;    14;     2;    59;     1;332332;     4;      3;      3;      0;      0;     12;      1;      1;      0;       ;             ;      0;       ;      0;      1;      0;       ;2/12/59;      1;      0;       ;       ;       ;       ;       ;       ;              ;          ;       ;       ;       ;       ;       ;       ;       ;          ;       
   210;04.03.2025;10:27:02;    40;     2;    59;     1;      ;     2;      7;      1;      1;      0;     12;      0;      0;      0;       ;1            ;      0;      0;      0;      1;       ;       ;2/12/59;      1;       ;      0;       ;       ;       ;       ;       ;              ;          ;       
   211;04.03.2025;10:27:02;    43;     2;    59;     1;      ;     2;      7;      1;      1;      0;     12;      0;      0;      0;       ;1            ;       ;      0;      0;      1;       ;       ;2/12/59;      1;       ;      0;       ;       ;       ;       ;       ;              ;          ;       
   212;04.03.2025;10:27:03;    49;     2;    59;     1;      ;      ;      0;       ;      1;      0;     12;      0;      1;      0;       ;             ;      1;       ;      0;      1;      0;       ;2/12/59;      1;      0;       ;       ;       ;       ;       ;       ;              ;          ;       ;       ;       ;       ;       ;       ;       ;          ;       
   213;04.03.2025;10:27:03;    55;     2;    59;     1;      ;      ;      0;      1;      1;      0;     12;      0;      1;      0;      0;             ;      1;      1;      0;      1;      0;       ;2/12/59;      1;      0;       ;       ;       ;       ;       ;       ;0             ;04.03.2025;      0;      0;       ;       ;       ;       ;       ;          ;       
   214;04.03.2025;10:27:34;    63;     2;    60;     1;      ;     0;      2;      0;      3;      9;     12;      0;      0;      0;       ;             ;      3;       ;       ;      8;      0;       ;0/0/0  ;      1;       ;      0;       ;       ;       ;       ;      0;0 - ,0 - ,0 - ;          ;       ;       ;       ;       ;       ;       ;       ;30.12.1899;       
   215;04.03.2025;10:27:35;    61;     2;    61;     1;      ;    12;      2;      0;      3;     10;     12;      0;      0;      0;       ;             ;      3;       ;      0;      9;      0;       ;       ;      1;       ;       ;       ;       ;       ;       ;       ;              ;          ;       ;       ;       ;       ;       ;       ;       ;          ;       
