#
1
19
251;04.03.2025;11:56:42;42;2;69;1;;;;1;1;0;14;0;1;0;;;1;1;0;1;0;;2/14/69;1;0;;;;;;;;;0;0;;;;;;;
252;04.03.2025;11:56:49;11;2;69;1;332332;4;1;1;1;0;14;1;1;0;;2900003323329;1;4;0;1;0;;2/14/69;1;0;0;;0;0;;;0;;;;;0;;;;;
253;04.03.2025;11:56:49;14;2;69;1;332332;4;3;3;0;0;14;1;1;0;;;0;;0;1;0;;2/14/69;1;0;;;;;;;;;;;;;;;;;
254;04.03.2025;11:56:55;40;2;69;1;;1;0;1;1;0;14;0;0;0;;2;0;0;0;1;;;2/14/69;1;;0;;;;;;;;
255;04.03.2025;11:56:55;43;2;69;1;;1;0;1;1;0;14;0;0;0;;2;;0;0;1;;;2/14/69;1;;0;;;;;;;;
256;04.03.2025;11:56:56;49;2;69;1;;;0;;1;0;14;0;1;0;;;1;;0;1;0;;2/14/69;1;0;;;;;;;;;;;;;;;;;
257;04.03.2025;11:56:56;55;2;69;1;;;0;1;1;0;14;0;1;0;0;;1;1;0;1;0;;2/14/69;1;0;;;;;;;0;04.03.2025;0;0;;;;;;;
258;04.03.2025;11:57:06;63;2;70;1;;0;1;0;1;9;14;0;0;0;;;1;;;8;0;;0/0/0;1;;0;;;;;0;0 - ,0 - ,0 - ;;;;;;;;;30.12.1899;
259;04.03.2025;11:57:06;61;2;71;1;;14;1;0;1;10;14;0;0;0;;;1;;0;9;0;;;1;;;;;;;;;;;;;;;;;;
