#
1
17
216;04.03.2025;11:21:39;42;2;62;1;;;;1;165;0;13;0;165;0;;;165;1;0;1;0;;2/13/62;1;0;;;;;;;;;0;0;;;;;;;
217;04.03.2025;11:21:47;11;2;62;1;341109;;165;1;165;0;13;165;165;0;;4690300028161;165;0;0;1;0;;2/13/62;1;0;0;;0;0;;;0;;;;;0;;;;;
218;04.03.2025;11:21:47;14;2;62;1;341109;;3;3;28;0;13;165;165;0;;;28;;0;1;0;;2/13/62;1;0;;;;;;;;;;;;;;;;;
219;04.03.2025;11:24:13;56;2;62;1;;0;0;-1;-165;0;13;0;165;0;;;165;1;0;1;0;;2/13/62;1;0;;;;;;;;;;;;;;;;;
220;04.03.2025;11:24:21;42;2;63;1;;;;1;165;0;13;0;165;0;;;165;1;0;1;0;;2/13/63;1;0;;;;;;;;;0;0;;;;;;;
221;04.03.2025;11:24:24;11;2;63;1;341109;;165;1;165;0;13;165;165;0;;4690300028161;165;0;0;1;0;;2/13/63;1;0;0;;0;0;;;0;;;;;0;;;;;
222;04.03.2025;11:24:24;14;2;63;1;341109;;3;3;28;0;13;165;165;0;;;28;;0;1;0;;2/13/63;1;0;;;;;;;;;;;;;;;;;
223;04.03.2025;11:24:31;40;2;63;1;;1;0;165;165;0;13;0;0;0;;1;0;0;0;1;;;2/13/63;1;;0;;;;;;;;
224;04.03.2025;11:24:31;43;2;63;1;;1;0;165;165;0;13;0;0;0;;1;;0;0;1;;;2/13/63;1;;0;;;;;;;;
225;04.03.2025;11:24:41;40;2;63;1;;1;0;200;200;0;13;0;0;0;;1;0;0;0;1;;;2/13/63;1;;0;;;;;;;;
226;04.03.2025;11:24:41;43;2;63;1;;1;0;200;200;0;13;0;0;0;;1;;0;0;1;;;2/13/63;1;;0;;;;;;;;
227;04.03.2025;11:24:41;40;2;63;1;;1;0;-200;-200;0;13;0;0;0;;1;0;0;0;1;;;2/13/63;1;;0;;;;;;;;
228;04.03.2025;11:24:41;43;2;63;1;;1;0;-200;-200;0;13;0;0;0;;1;;0;0;1;;;2/13/63;1;;0;;;;;;;;
229;04.03.2025;11:25:06;49;2;63;1;;;0;;165;0;13;0;165;0;;;165;;0;1;0;;2/13/63;1;0;;;;;;;;;;;;;;;;;
230;04.03.2025;11:25:06;55;2;63;1;;;0;1;165;0;13;0;165;0;0;;165;1;0;1;0;;2/13/63;1;0;;;;;;;0;04.03.2025;0;0;;;;;;;
231;04.03.2025;11:25:16;42;2;64;1;;;;-1;-165;1;13;0;-165;0;;;-165;0;0;2;0;63;2/13/64;1;0;;;;;;;;;0;0;;;;;;;
232;04.03.2025;11:25:26;11;2;64;1;341109;;165;-1;-165;1;13;165;-165;0;;4690300028161;-165;0;0;2;0;;2/13/64;1;0;0;;0;0;;;0;;;;;0;;;;;
233;04.03.2025;11:25:26;14;2;64;1;341109;;3;3;-28;1;13;165;-165;0;;;-28;;0;2;0;;2/13/64;1;0;;;;;;;;;;;;;;;;;
234;04.03.2025;11:25:34;56;2;64;1;;0;0;1;165;1;13;0;-165;0;;;-165;0;0;2;0;63;2/13/64;1;0;;;;;;;;;;;;;;;;;
235;04.03.2025;11:25:41;42;2;65;1;;;;-1;-165;1;13;0;-165;0;;;-165;0;0;2;0;63;2/13/65;1;0;;;;;;;;;0;0;;;;;;;
236;04.03.2025;11:25:42;11;2;65;1;341109;;165;-1;-165;1;13;165;-165;0;;4690300028161;-165;0;0;2;0;;2/13/65;1;0;0;;0;0;;;0;;;;;0;;;;;
237;04.03.2025;11:25:42;14;2;65;1;341109;;3;3;-28;1;13;165;-165;0;;;-28;;0;2;0;;2/13/65;1;0;;;;;;;;;;;;;;;;;
238;04.03.2025;11:25:45;40;2;65;1;;1;0;-165;-165;1;13;0;0;0;;1;0;0;0;2;;;2/13/65;1;;0;;;;;;;;
239;04.03.2025;11:25:45;43;2;65;1;;1;0;-165;-165;1;13;0;0;0;;1;;0;0;2;;;2/13/65;1;;0;;;;;;;;
240;04.03.2025;11:25:47;49;2;65;1;;;0;;165;1;13;0;165;0;;;165;;0;2;0;;2/13/65;1;0;;;;;;;;;;;;;;;;;
241;04.03.2025;11:25:47;55;2;65;1;;;0;-1;-165;1;13;0;-165;0;0;;-165;0;0;2;0;63;2/13/65;1;0;;;;;;;0;;0;0;;;;;;;
242;04.03.2025;11:25:58;42;2;66;1;;;;1;15;0;13;0;15;0;;;15;1;0;1;0;;2/13/66;1;0;;;;;;;;;0;0;;;;;;;
243;04.03.2025;11:25:59;11;2;66;1;340904;;15;1;15;0;13;15;15;0;;2900003409047;15;0;0;1;0;;2/13/66;1;0;0;;0;0;;;0;;;;;0;;;;;
244;04.03.2025;11:25:59;14;2;66;1;340904;;3;3;3;0;13;15;15;0;;;3;;0;1;0;;2/13/66;1;0;;;;;;;;;;;;;;;;;
245;04.03.2025;11:36:35;40;2;66;1;;1;0;15;15;0;13;0;0;0;;1;0;0;0;1;;;2/13/66;1;;0;;;;;;;;
246;04.03.2025;11:36:35;43;2;66;1;;1;0;15;15;0;13;0;0;0;;1;;0;0;1;;;2/13/66;1;;0;;;;;;;;
247;04.03.2025;11:36:54;49;2;66;1;;;0;;15;0;13;0;15;0;;;15;;0;1;0;;2/13/66;1;0;;;;;;;;;;;;;;;;;
248;04.03.2025;11:36:54;55;2;66;1;;;0;1;15;0;13;0;15;0;0;;15;1;0;1;0;;2/13/66;1;0;;;;;;;0;04.03.2025;0;0;;;;;;;
249;04.03.2025;11:37:32;63;2;67;1;;0;15;0;180;9;13;0;0;0;;;180;;;8;0;;0/0/0;1;;0;;;;;0;0 - ,0 - ,0 - ;;;;;;;;;30.12.1899;
250;04.03.2025;11:37:32;61;2;68;1;;13;15;0;180;10;13;0;0;0;;;180;;0;9;0;;;1;;;;;;;;;;;;;;;;;;
