FIELD1;FIELD2    ;FIELD3  ;FIELD4;FIELD5;FIELD6;FIELD7;FIELD8;FIELD9;FIELD10;FIELD11;FIELD12;FIELD13;FIELD14;FIELD15;FIELD16;FIELD17;FIELD18;FIELD19      ;FIELD20;FIELD21;FIELD22;FIELD23;FIELD24;FIELD25;FIELD26;FIELD27;FIELD28;FIELD29;FIELD30;FIELD31;FIELD32;FIELD33;FIELD34;FIELD35       ;FIELD36   ;FIELD37;FIELD38;FIELD39;FIELD40;FIELD41;FIELD42;FIELD43;FIELD44;FIELD45
#
1
13
   174;04.03.2025;10:04:09;    63;     2;    51;     1;      ;     0;      0;      0;      0;      9;     11;      0;      0;      0;       ;             ;      0;       ;       ;      8;      0;       ;0/0/0  ;      1;       ;      0;       ;       ;       ;       ;      0;0 - ,0 - ,0 - ;          ;       ;       ;       ;       ;       ;       ;       ;30.12.1899;       
   175;04.03.2025;10:06:32;    42;     2;    52;     1;      ;      ;       ;      1;      1;      0;     11;      0;      1;      0;       ;             ;      1;      1;      0;      1;      0;       ;2/11/52;      1;      0;       ;       ;       ;       ;       ;       ;              ;          ;      0;      0;       ;       ;       ;       ;       ;          ;       
   176;04.03.2025;10:06:34;    11;     2;    52;     1;332332;     4;      1;      1;      1;      0;     11;      1;      1;      0;       ;2900003323329;      1;      4;      0;      1;      0;       ;2/11/52;      1;      0;      0;       ;      0;      0;       ;       ;0             ;          ;       ;       ;       ;      0;       ;       ;       ;          ;       
   177;04.03.2025;10:06:34;    14;     2;    52;     1;332332;     4;      3;      3;      0;      0;     11;      1;      1;      0;       ;             ;      0;       ;      0;      1;      0;       ;2/11/52;      1;      0;       ;       ;       ;       ;       ;       ;              ;          ;       ;       ;       ;       ;       ;       ;       ;          ;       
   178;04.03.2025;10:06:49;    40;     2;    52;     1;      ;     2;      7;      1;      1;      0;     11;      0;      0;      0;       ;1            ;      0;      0;      0;      1;       ;       ;2/11/52;      1;       ;      0;       ;       ;       ;       ;       ;              ;          ;       
   179;04.03.2025;10:06:49;    43;     2;    52;     1;      ;     2;      7;      1;      1;      0;     11;      0;      0;      0;       ;1            ;       ;      0;      0;      1;       ;       ;2/11/52;      1;       ;      0;       ;       ;       ;       ;       ;              ;          ;       
   180;04.03.2025;10:06:52;    49;     2;    52;     1;      ;      ;      0;       ;      1;      0;     11;      0;      1;      0;       ;             ;      1;       ;      0;      1;      0;       ;2/11/52;      1;      0;       ;       ;       ;       ;       ;       ;              ;          ;       ;       ;       ;       ;       ;       ;       ;          ;       
   181;04.03.2025;10:06:52;    55;     2;    52;     1;      ;      ;      0;      1;      1;      0;     11;      0;      1;      0;      0;             ;      1;      1;      0;      1;      0;       ;2/11/52;      1;      0;       ;       ;       ;       ;       ;       ;0             ;04.03.2025;      0;      0;       ;       ;       ;       ;       ;          ;       
   182;04.03.2025;10:07:07;    63;     2;    53;     1;      ;     0;      1;      0;      1;      9;     11;      0;      0;      0;       ;             ;      1;       ;       ;      8;      0;       ;0/0/0  ;      1;       ;      0;       ;       ;       ;       ;      0;0 - ,0 - ,0 - ;          ;       ;       ;       ;       ;       ;       ;       ;30.12.1899;       
   183;04.03.2025;10:07:08;    61;     2;    54;     1;      ;    11;      1;      0;      1;     10;     11;      0;      0;      0;       ;             ;      1;       ;      0;      9;      0;       ;       ;      1;       ;       ;       ;       ;       ;       ;       ;              ;          ;       ;       ;       ;       ;       ;       ;       ;          ;       
