##@@&&
@
$$$ADDQUANTITY
333145;2900003331454;!!!!TEST KAS ANTISEPTIC!!!;;20,00;;;0;;;;;1;1;;;;;;;;;3;;;;;;;;;;;;;;;;;;;;;;;;;;;;;0;;;20;;;;;;;;;;;0;
100009;2900001000093;!!!!TEST KAS APPAREL!!!;;11,00;;;0;;;;;1;1;;;;;;;;;3;;;;;;;;;;;;;;;;;;;;;;;;;;;;;0;;;11;;;;;;;;;;;0;
100;4600936220075;!!!!TEST KAS QUANT TEST!!!;;1,00;;;1;;;;;1;0;;;;;;;;;3;;;;;;;;;;;;;;;;;;;;;;;;;;;;;1;;;0;;;;;;;;;;;6;
100;2900000001008;!!!!TEST KAS QUANT TEST!!!;;1,00;;;1;;;;;1;2;;;;;;;;;3;;;;;;;;;;;;;;;;;;;;;;;;;;;;;1;;;0;;;;;;;;;;;6;
10;3806546027917;!!!!TEST KAS SHOEES!!!;;5,00;;;0;;;;;1;1;;;;;;;;;3;;;;;;;;;;;;;;;;;;;;;;;;;;;;;0;;;5;;;;;;;;;;;0;
332332;2900003323329;!!!!TEST KAS TYRES!!!;;10,00;;;0;;;;;1;1;;;;;;;;;3;;;;;;;;;;;;;;;;;;;;;;;;;;;;;0;;;10;;;;;;;;;;;0;
331818;4058022433975;!!!!TEST KAS PARFUME!!!;;9,00;;;0;;;;;1;1;;;;;;;;;3;;;;;;;;;;;;;;;;;;;;;;;;;;;;;0;;;9;;;;;;;;;;;0;
100010;2900001000109;!!!!TEST KAS NO MARK!!!;;1,00;;;0;;;;;1;1;;;;;;;;;3;;;;;;;;;;;;;;;;;;;;;;;;;;;;;1;;;0;;;;;;;;;;;0;
